73
23454
100 200 0
97 199 0
97 194 24989
93 193 22144
90 197 6942
87 201 4635
83 203 1962
77 215 18728
82 214 17145
87 217 1885
93 223 2121
103 230 15311
120 235 8530
137 239 6639
145 247 989
149 258 14595
151 263 2317
148 267 925
151 272 910
160 285 6347
174 287 17505
183 299 10489
182 310 750
179 323 32193
183 334 10522
192 346 8771
207 349 17170
210 354 582
215 352 554
230 351 536
235 351 488
244 361 20902
253 348 9457
260 356 402
272 371 10603
285 375 13374
293 380 4818
295 394 30937
300 394 22659
301 399 15613
303 404 9197
293 414 15587
291 419 13056
296 422 7977
300 434 11801
309 445 23551
311 450 20482
315 447 2180
325 453 3133
329 450 1489
334 448 1459
342 456 24460
347 459 21933
358 459 22465
363 458 8220
373 469 29517
385 479 16963
395 488 4958
403 498 97
418 495 70
428 498 2090
431 494 58
436 496 55
447 498 41
455 492 33
458 483 23211
463 481 12500
474 490 21
484 491 1215
484 496 15
493 503 4
498 504 1
506 506 8485
504 502 3093
500 500 0
