239
33785
52 49 0
55 45 2278
51 43 2160
48 40 2131
44 41 2120
40 43 1991
38 48 1984
34 50 1980
32 55 1970
32 60 1938
34 65 1926
31 69 1923
32 74 1915
34 79 1901
33 84 1831
31 89 1816
33 94 1808
32 99 1777
32 104 1766
31 109 1706
29 114 1505
32 119 1503
34 124 1488
35 129 1470
33 134 1463
31 139 1445
31 144 1356
35 148 1325
38 153 1294
37 158 1275
37 163 1255
40 168 1253
43 173 1252
46 178 1250
44 183 1235
47 188 1214
49 193 1213
54 196 1193
53 201 1187
54 206 1171
51 210 1155
47 211 1154
45 216 1146
48 221 1112
44 224 1104
45 229 1086
47 234 1055
48 239 1047
46 244 838
48 249 820
52 253 769
50 258 765
53 263 705
51 268 697
55 272 679
55 277 676
60 278 662
61 283 644
62 288 643
59 292 603
64 295 580
67 300 567
70 305 565
75 306 561
80 306 549
84 303 544
89 305 543
94 304 536
99 306 531
104 305 529
109 307 485
114 305 482
119 304 476
124 305 440
126 301 436
126 297 432
126 293 430
125 289 415
128 285 412
125 282 409
125 278 399
125 274 392
125 270 374
126 266 366
129 262 364
129 258 363
129 253 359
127 249 356
128 245 353
130 241 344
128 237 341
125 234 340
127 230 338
127 226 337
127 222 331
128 218 330
127 214 328
125 210 325
127 206 323
126 202 319
126 198 312
125 194 306
127 190 304
131 187 302
132 183 297
137 181 296
138 177 293
138 173 291
139 169 288
141 165 287
143 161 285
145 157 275
148 153 274
151 149 272
154 145 269
155 141 268
158 137 267
162 134 266
164 130 263
166 126 261
167 122 258
169 118 255
171 114 246
173 110 238
177 107 237
182 107 231
187 108 230
192 111 227
197 112 226
200 108 225
205 108 221
210 107 219
215 105 217
220 105 215
225 104 214
229 101 210
233 98 209
238 99 202
242 103 200
247 105 196
252 103 193
257 103 191
261 107 189
265 111 185
270 111 183
275 110 177
280 109 175
285 109 173
290 112 168
295 111 167
300 111 166
301 116 163
306 118 162
310 122 159
315 124 157
320 126 151
322 131 148
327 133 147
332 136 145
337 139 141
341 143 140
345 147 138
347 152 133
350 157 129
352 162 124
353 167 108
358 170 107
363 168 106
368 168 105
373 166 104
378 164 101
383 163 100
388 166 99
393 166 97
397 170 96
401 174 95
406 174 94
410 178 93
412 183 92
417 184 89
422 186 88
421 191 87
423 196 86
427 200 85
426 205 82
425 210 73
428 215 71
432 219 69
433 224 63
430 228 61
432 233 59
435 238 58
434 243 57
430 242 56
426 245 55
425 250 54
426 255 53
428 260 52
426 265 51
426 270 49
430 274 48
428 279 47
428 284 46
430 289 44
426 292 42
425 297 41
425 302 39
425 307 38
427 312 37
431 316 36
428 320 34
427 325 32
426 330 31
426 335 30
425 340 29
425 345 28
425 350 26
426 355 24
425 360 23
425 365 22
425 370 21
430 373 20
430 378 19
426 379 18
426 384 17
427 389 16
426 394 15
428 399 14
426 404 13
428 409 12
425 413 11
426 418 10
426 423 9
428 428 8
432 432 7
435 437 6
436 442 3
441 445 2
446 446 1
450 450 0
