241
33040
50 50 0
48 54 0
51 59 6467
47 57 4560
43 55 3674
39 58 3659
40 63 3107
36 66 3081
32 68 2838
30 73 2832
33 78 2749
31 83 2648
30 88 2631
30 93 2616
26 96 2517
26 101 2439
24 106 2400
20 108 2334
17 112 2328
16 117 2321
17 122 2242
21 126 2228
22 131 2222
24 136 2210
27 140 2147
25 145 2139
25 150 2118
29 154 2049
28 159 2001
30 164 1967
32 169 1935
34 174 1919
33 179 1916
30 183 1877
27 187 1813
27 192 1792
26 197 1788
23 201 1766
24 206 1750
23 211 1732
20 215 1685
23 220 1630
28 223 1628
32 220 1575
34 225 1513
35 230 1496
32 234 1478
31 239 1467
31 244 1441
31 249 1374
31 254 1362
30 259 1347
32 264 1339
34 269 1293
39 271 1290
40 276 1269
43 281 1191
40 285 1159
41 290 1058
39 295 1041
43 299 1035
48 302 1005
52 306 983
55 311 977
58 316 942
57 321 940
57 326 924
59 331 920
62 336 885
67 339 862
70 344 839
75 346 812
79 343 805
84 345 787
89 347 774
93 344 765
97 341 763
102 339 757
105 335 753
107 331 752
108 327 746
112 324 726
117 323 720
116 319 714
118 315 708
121 311 705
121 307 704
124 303 695
126 299 686
124 295 679
127 291 672
123 289 655
126 285 642
123 282 604
124 278 586
125 274 577
124 270 570
124 266 556
123 262 549
123 258 541
123 253 527
123 249 522
123 245 520
125 241 515
126 237 508
123 234 502
123 230 495
125 226 488
129 223 485
129 219 458
126 216 449
126 212 445
126 208 442
127 204 438
127 200 437
132 198 432
132 194 430
134 190 424
134 186 417
132 182 416
134 178 411
137 174 409
140 170 404
144 167 401
149 167 398
153 164 392
155 160 387
157 156 386
160 152 383
164 149 375
169 151 372
173 148 369
178 149 367
183 149 365
187 146 362
191 143 357
196 141 355
199 137 348
203 134 346
205 130 342
203 126 340
207 123 338
210 119 333
214 116 332
219 115 327
224 113 324
229 115 321
234 118 318
238 115 312
242 112 300
247 114 299
252 117 295
257 119 292
262 120 290
267 122 285
272 122 283
277 121 281
282 122 278
287 122 273
292 122 272
297 123 267
302 124 264
305 129 262
309 133 252
311 138 244
311 143 239
312 148 234
314 153 228
319 155 226
324 158 224
329 160 220
334 162 213
339 164 212
344 167 208
348 171 205
353 173 203
358 175 195
363 176 192
368 178 189
373 181 187
378 182 181
383 184 179
388 186 175
393 186 172
398 186 168
403 188 167
406 193 164
411 194 161
416 195 157
421 198 154
426 201 150
429 206 148
427 211 144
425 216 143
426 221 140
429 226 136
426 230 132
427 235 129
427 240 127
427 245 125
426 250 120
429 255 118
432 260 114
433 265 111
433 270 109
431 275 107
431 280 104
431 285 99
431 290 96
430 295 94
432 300 90
430 305 88
428 310 85
430 315 81
432 320 80
431 325 75
427 328 73
426 333 69
426 338 67
424 343 63
423 348 60
425 353 57
426 358 55
425 363 52
425 368 49
425 373 45
424 378 42
424 383 39
424 388 37
425 393 34
428 398 30
428 403 27
427 408 26
429 413 22
429 418 19
427 423 15
427 428 12
429 433 10
433 437 7
436 442 3
441 445 2
446 446 1
450 450 0
