121
11540
51 53 0
42 49 2439
37 58 4539
35 73 4441
38 78 2042
33 84 1831
31 89 1816
33 94 1808
32 99 1777
32 104 1766
31 109 1706
29 114 1505
30 120 4109
34 124 1488
35 129 1470
33 134 1463
31 139 1445
25 153 7695
27 158 4236
32 171 2802
36 179 3156
39 195 1693
39 200 1478
39 211 6117
38 216 6038
43 219 1646
44 224 1104
45 229 1086
47 234 1055
48 239 1047
46 244 838
48 249 820
50 258 765
61 263 6998
65 271 6792
68 276 743
68 293 739
64 301 6746
71 312 1287
80 306 549
96 310 5280
109 307 485
124 309 442
133 295 2610
136 288 1516
141 271 3718
152 261 424
152 249 926
149 242 4222
142 232 7611
139 223 2983
134 205 2334
134 190 419
137 181 296
138 173 291
139 169 288
143 161 285
148 153 274
165 148 1839
170 137 7915
172 129 7898
181 127 3761
189 125 7096
194 128 342
204 127 372
215 117 2149
224 113 3969
239 111 2798
250 108 472
256 107 2257
261 107 189
274 116 1023
288 125 7588
296 122 3970
308 126 3586
322 130 6240
327 133 147
332 136 145
337 139 141
349 146 6887
362 145 7086
368 149 3533
371 154 1060
375 158 840
383 163 100
388 166 99
397 170 96
406 174 94
410 178 93
422 186 88
434 190 1865
451 189 4032
463 198 460
463 211 3088
474 225 2379
468 233 7649
458 238 609
449 244 3109
445 255 4294
438 270 8342
440 275 642
435 289 67
441 293 334
451 298 2881
458 294 5665
470 295 2102
485 305 7886
486 313 7328
486 323 1126
477 328 7355
476 337 2471
468 350 1233
466 361 3621
458 372 1066
449 387 2229
452 403 5575
454 408 5435
457 413 3541
458 427 938
455 438 6033
452 445 3237
450 450 0
