73
23237
100 200 0
97 199 0
97 194 25055
98 209 31661
100 214 17635
117 210 31830
115 215 28936
119 219 27772
124 217 8163
131 234 14961
137 248 21389
137 253 2461
134 265 7584
138 277 16450
140 282 14902
146 290 3814
146 300 29884
144 305 16388
158 312 5643
168 324 13988
177 334 7974
175 344 36299
180 347 663
189 361 643
196 360 4195
199 364 2385
201 369 539
206 371 512
210 381 19622
222 385 25691
227 384 14802
241 391 1538
247 381 14394
252 381 1237
248 371 6373
253 369 392
264 356 17843
277 351 7734
281 348 315
285 358 309
289 362 298
299 365 295
308 365 11886
318 376 262
325 385 2266
332 398 239
342 411 11924
344 416 824
351 432 888
355 446 10208
353 451 2030
351 456 1458
356 458 1141
371 459 889
367 473 24065
376 487 20856
379 483 3765
393 486 106
397 483 96
413 481 31205
418 484 31035
423 487 8451
427 491 63
436 490 55
447 485 3749
451 489 40
456 487 33
465 484 24
474 494 2695
475 490 19
488 500 11
493 503 4
498 504 1
496 496 2534
500 500 0
