2000
450 450 -968142910
459 448 0
456 438 0
440 447 0
451 428 2
444 420 4
435 414 5
427 407 6
430 449 3
422 442 3
418 432 9
423 423 9
416 415 10
416 405 12
439 450 0
418 395 7
421 385 6
427 377 7
431 367 1033
426 357 1033
423 347 737
420 337 40
424 327 19
420 317 29
417 307 29
423 314 29
416 297 36
423 323 19
416 287 36
417 331 19
422 339 40
417 277 24
431 338 40
424 330 19
421 320 19
436 346 737
421 310 29
429 353 1114
445 347 1038
425 301 29
434 361 1516
424 365 1033
416 358 16
439 369 1272
416 348 42
421 374 1157
420 339 40
417 329 29
420 319 29
423 309 25
417 300 36
432 308 30
416 290 24
419 328 46
422 282 39
423 272 54
422 337 40
424 327 46
425 317 57
417 310 47
418 346 40
423 302 25
418 355 42
419 292 24
424 362 1033
428 370 1033
422 352 737
418 342 40
418 332 67
416 322 46
421 313 53
430 379 7
417 303 23
417 293 50
418 283 50
420 312 53
421 321 30
430 323 20
423 274 54
419 264 142
420 254 142
428 259 142
427 246 368
420 238 79
427 230 80
423 268 74
420 222 80
416 212 252
426 277 49
417 282 73
427 267 54
427 257 142
418 252 142
417 242 79
435 251 368
419 291 72
425 298 36
421 288 39
434 297 51
423 278 63
419 306 23
440 304 704
422 268 89
419 315 47
423 258 142
422 248 142
416 239 79
423 232 223
424 222 80
417 214 252
416 265 142
432 259 127
417 274 95
422 282 95
422 292 49
416 264 142
427 300 49
425 309 53
426 318 27
418 254 142
418 324 53
427 321 30
424 311 48
426 301 48
420 292 49
436 318 349
421 282 50
425 273 54
420 264 142
416 268 142
418 265 142
418 265 142
416 268 142
416 333 60
420 263 142
420 264 142
421 263 142
417 266 142
417 266 142
427 263 99
416 267 142
421 263 142
417 272 126
417 265 142
418 265 142
416 268 142
416 267 142
416 267 142
417 266 140
421 263 142
416 267 142
418 265 142
419 264 130
416 267 145
416 267 145
417 266 146
416 267 142
419 264 130
416 267 142
418 265 137
421 333 60
427 263 126
429 330 19
434 273 263
417 266 140
427 263 126
416 267 142
428 263 113
429 264 127
416 267 142
419 333 66
419 264 130
425 263 142
416 267 142
420 263 130
417 266 166
417 266 166
418 265 166
445 322 349
426 263 142
418 333 44
439 327 1038
418 265 150
419 264 151
416 267 142
445 320 349
416 268 142
433 267 263
429 264 88
416 268 142
416 333 44
421 263 142
421 263 142
418 265 137
416 267 142
428 263 99
428 263 88
417 266 140
418 265 138
416 268 142
443 324 349
416 268 142
420 263 142
419 333 44
416 268 142
444 323 349
416 267 145
416 268 142
427 263 113
422 263 149
417 266 145
416 268 142
416 267 186
418 265 148
428 263 54
444 312 349
422 263 191
420 333 44
417 266 153
416 268 142
417 266 154
436 327 19
425 263 142
417 266 154
418 265 154
423 263 142
420 263 157
423 263 142
416 267 201
418 265 164
419 264 164
421 263 142
426 263 142
419 264 164
437 321 349
419 264 175
416 267 211
421 333 46
420 263 171
429 263 168
416 268 142
417 266 153
426 263 142
416 268 142
419 264 229
417 266 140
417 266 142
420 333 44
416 267 207
416 257 79
441 326 1038
445 315 349
420 248 223
424 238 368
418 229 252
419 219 253
451 307 349
420 209 108
439 335 1038
418 209 109
443 335 1038
421 209 255
423 210 86
428 296 122
417 333 44
422 209 255
421 209 86
422 209 108
443 335 1038
433 235 368
426 212 581
443 335 1038
417 257 248
418 333 44
443 335 1038
422 209 262
443 335 1038
416 333 44
422 209 262
416 209 109
444 335 1038
442 335 1038
441 335 1038
416 209 109
435 304 51
442 335 1038
434 270 263
418 209 86
416 333 44
422 209 86
419 209 108
421 209 86
439 335 1038
433 237 368
433 237 368
416 333 60
424 210 581
424 210 581
440 335 1038
440 335 1038
421 209 255
418 333 60
418 209 255
454 316 349
440 335 1038
444 335 1038
445 334 1038
417 209 109
423 210 86
419 209 108
423 209 108
442 335 1038
439 335 1038
422 209 86
452 308 349
444 335 1038
440 335 1038
416 333 60
449 330 1038
444 335 1038
434 269 263
422 209 262
422 209 262
441 335 1038
447 333 1038
423 210 86
427 213 581
418 209 255
455 315 349
418 209 109
454 313 349
445 334 1038
419 209 108
423 210 108
433 307 51
418 333 44
421 209 108
443 335 1038
446 334 1038
416 209 109
416 209 109
424 210 581
428 216 581
453 310 349
418 333 44
434 271 263
424 210 581
451 307 349
427 213 581
449 331 1038
442 335 1038
419 209 108
427 213 581
440 335 1038
452 307 349
447 333 1038
442 335 1038
419 209 108
416 209 109
427 213 581
421 209 108
441 335 1038
433 237 368
416 333 60
421 209 108
425 211 581
433 239 368
440 335 1038
425 263 248
427 213 581
442 335 1038
422 209 108
439 335 1038
442 335 1038
420 209 108
418 209 109
419 209 108
419 199 109
443 335 1038
440 344 737
409 195 339
401 188 380
434 274 263
394 180 381
385 175 383
385 174 383
385 175 383
384 176 383
425 191 674
384 181 802
384 176 383
385 174 383
384 181 802
384 175 383
384 183 802
384 182 400
387 172 383
385 174 383
384 177 802
384 183 802
393 194 279
442 353 1516
384 176 383
384 182 400
384 182 400
384 181 802
454 311 349
386 173 383
454 312 349
437 353 1114
385 175 383
384 179 802
384 182 400
437 353 1114
441 353 1516
397 170 381
384 183 802
385 174 383
398 171 381
384 180 802
384 181 802
384 178 802
431 348 40
448 348 1046
385 185 802
441 353 1516
439 353 1516
396 170 381
399 171 381
433 351 737
384 178 802
384 180 802
386 186 802
384 182 400
384 184 802
384 177 802
400 172 380
384 177 802
434 352 1114
441 267 98
385 174 383
386 173 383
391 170 383
391 170 383
387 172 383
384 177 802
384 175 383
384 180 802
384 176 383
442 353 1516
399 171 381
384 181 802
384 184 802
385 174 383
436 353 1114
384 180 802
439 353 1516
384 176 383
442 353 1516
385 174 383
384 182 400
385 175 383
445 352 1046
384 176 383
388 171 383
433 351 737
384 176 383
384 181 802
434 352 1114
428 215 581
397 170 381
384 178 802
424 190 674
389 171 383
427 194 352
385 175 383
385 175 383
384 177 802
384 183 802
385 174 383
390 170 383
384 178 802
394 170 381
384 182 400
444 352 1046
425 191 674
438 353 1516
430 330 19
392 170 383
385 174 383
389 171 383
385 175 383
384 177 802
385 184 802
419 195 279
384 175 466
384 179 802
400 172 380
438 353 1516
387 172 383
434 352 1114
426 192 674
386 173 383
420 281 73
447 305 349
384 177 802
374 179 400
364 176 506
385 167 480
354 178 507
344 178 1355
335 172 509
325 176 510
332 162 905
326 166 511
325 168 511
441 353 1516
325 174 510
392 160 427
325 175 510
329 163 905
331 162 905
327 178 510
329 180 510
328 179 510
329 163 905
327 165 905
325 168 511
454 318 349
326 166 511
329 163 905
435 353 1114
433 351 737
449 347 1046
326 166 511
438 353 1516
327 165 905
339 186 1355
436 353 1114
435 352 1114
326 176 510
340 187 1355
439 353 1516
325 170 511
326 166 511
327 178 510
325 175 510
325 176 522
325 168 511
386 157 480
402 174 380
455 300 704
327 179 523
326 176 510
436 353 1114
445 352 1046
325 173 510
327 165 905
442 353 1516
325 171 511
439 353 1516
325 173 510
325 170 511
326 167 511
325 170 511
386 157 480
325 168 511
325 176 510
386 157 480
339 187 1355
325 169 511
374 189 802
328 179 510
325 174 510
326 176 510
441 353 1516
326 177 545
428 198 352
325 174 510
327 178 572
325 168 511
433 235 368
328 179 510
454 298 704
325 170 511
420 189 674
439 353 1516
325 175 553
326 166 511
325 169 511
328 179 510
327 165 905
325 167 563
382 157 396
393 194 279
327 165 905
382 157 396
325 169 511
326 176 510
336 162 905
329 163 905
328 179 510
325 172 510
327 165 905
327 165 905
338 186 1355
333 162 905
385 157 480
325 168 511
330 162 905
325 175 574
433 351 737
387 157 427
327 178 582
384 157 607
409 182 380
328 179 510
325 169 511
435 352 1114
393 161 415
325 173 510
390 158 518
325 175 598
391 159 619
438 353 1516
325 176 598
453 309 349
433 351 737
328 179 523
388 157 621
351 187 1355
326 167 511
325 169 511
315 165 597
306 170 597
301 178 512
309 156 529
301 148 636
440 353 1516
442 362 1516
445 371 1272
313 147 633
432 364 1033
291 147 636
442 268 263
300 138 636
291 146 637
291 148 636
445 371 1272
442 371 1272
303 138 636
291 148 636
291 144 637
291 144 637
293 141 637
309 160 633
296 139 637
291 144 637
296 139 637
291 146 637
392 160 619
291 145 637
433 366 1114
308 141 636
447 370 1272
428 330 20
427 204 581
430 286 263
293 141 637
433 239 368
430 280 263
303 138 636
451 362 1225
292 142 637
424 190 377
292 142 637
438 371 1272
293 141 637
427 193 352
291 144 637
332 161 905
444 371 1272
291 145 637
424 190 674
407 180 380
441 371 1272
291 144 637
385 157 480
437 370 1272
291 145 637
436 370 1272
389 157 621
307 140 636
435 299 284
291 145 637
292 143 637
291 148 636
343 187 1355
294 140 637
291 147 696
388 157 691
291 147 647
427 194 352
455 299 704
452 332 1038
304 138 636
291 143 637
448 369 1272
435 369 1272
292 143 637
392 160 427
439 371 1272
292 142 637
305 139 636
352 168 507
291 146 637
329 180 510
291 148 636
305 139 636
306 139 692
434 368 1272
443 371 1272
293 140 637
293 141 637
302 138 636
438 371 1272
440 371 1272
292 143 637
291 144 637
291 143 637
449 368 1272
291 148 636
376 188 802
291 147 647
427 193 352
311 146 636
291 148 636
435 369 1272
387 157 518
291 147 647
292 143 637
291 149 636
305 138 692
291 145 637
425 191 674
291 148 636
291 146 637
291 144 637
441 371 1272
292 142 637
291 144 637
291 147 696
296 139 637
444 371 1272
301 138 636
428 208 581
297 138 637
291 143 673
291 148 636
456 304 704
305 138 636
297 131 671
287 131 654
297 121 671
444 371 1272
290 113 761
423 189 674
277 131 673
434 373 1272
428 205 581
267 128 767
268 136 1219
376 188 802
434 374 7
268 136 1219
267 133 1219
427 180 766
268 126 767
267 129 1219
435 375 1272
305 115 836
267 127 767
341 187 1355
267 133 1219
364 166 419
434 373 1272
267 134 1219
391 159 518
281 107 1343
437 378 1272
297 106 1544
267 130 1219
431 183 674
293 103 763
268 126 767
388 157 621
267 134 1219
267 131 1219
302 112 1255
296 105 1544
267 133 1219
296 105 1544
395 196 279
269 124 767
315 138 735
268 136 1219
288 103 765
267 133 1219
269 137 1219
296 105 1544
268 135 1219
267 127 767
267 133 1219
385 157 480
434 375 7
267 132 1219
267 134 1219
267 135 1219
301 187 512
294 103 763
432 186 674
438 379 6
267 130 1219
267 128 767
417 180 766
287 103 765
267 127 767
387 157 427
267 134 1219
268 126 767
285 104 765
391 159 619
268 126 767
442 380 1272
394 195 279
305 116 836
314 141 735
314 141 735
341 187 1355
267 135 1219
270 138 1219
281 107 1343
435 375 1272
267 128 767
390 158 623
399 171 436
302 187 512
435 375 1272
387 157 427
267 128 767
306 117 735
435 376 7
438 379 6
435 376 7
426 179 674
428 254 368
434 375 7
282 105 1343
388 157 621
431 183 674
269 124 767
382 157 442
269 124 767
386 157 442
267 128 767
425 179 674
267 135 1219
434 374 7
444 381 1272
297 106 1544
268 125 767
435 375 1272
295 104 1544
388 157 621
283 105 1343
428 218 581
314 135 735
267 127 767
267 131 1219
440 380 1272
434 375 7
270 138 1219
291 149 636
267 129 1219
344 188 1355
434 373 1272
431 194 326
434 374 7
287 103 765
342 187 1355
426 179 674
267 132 1219
284 93 806
257 134 1219
277 85 892
426 169 776
247 131 1876
292 87 1281
247 135 840
251 142 840
250 141 840
430 160 854
292 87 1281
435 376 7
267 82 857
347 170 509
434 374 7
427 312 125
427 312 125
247 132 1876
429 263 368
442 380 1272
247 135 840
274 95 857
247 131 1876
435 375 1272
435 167 776
267 86 913
292 87 1281
313 132 836
443 272 667
247 129 877
247 129 877
451 377 1272
247 137 840
247 136 840
247 129 877
344 196 1565
449 379 1272
248 128 877
443 271 667
248 128 815
447 380 1272
443 380 1272
248 138 840
267 81 904
438 379 6
247 129 929
248 138 840
248 128 823
267 89 913
247 130 1876
442 380 1272
334 193 1565
267 81 904
435 376 7
437 378 1272
249 140 840
249 140 840
284 78 1281
247 134 840
338 196 1565
250 141 840
249 141 840
447 380 1272
267 81 904
281 75 996
452 332 1038
247 131 1876
247 135 840
264 141 1219
248 128 781
425 159 895
428 159 895
250 141 840
431 160 854
250 141 840
443 380 1272
248 129 791
247 131 1876
247 134 840
249 140 840
296 101 1544
250 141 840
247 136 840
249 140 840
268 80 904
291 86 1281
364 166 419
440 380 1272
314 134 876
433 161 776
277 75 892
248 128 864
340 196 1565
255 143 1219
248 139 840
248 138 840
434 375 7
427 159 895
247 129 929
247 134 840
435 375 1272
269 78 894
282 76 996
387 157 873
290 85 1281
292 88 869
432 161 890
247 135 840
249 140 840
247 134 840
247 134 840
247 130 1876
248 129 883
251 142 840
310 179 512
247 135 840
442 380 1272
249 140 840
426 159 895
438 379 6
247 136 840
267 82 913
450 378 1272
250 141 840
270 77 894
314 135 804
433 162 776
247 133 840
438 379 6
456 305 349
453 367 1272
277 107 1343
238 138 1564
437 152 981
237 136 1564
240 140 1564
434 152 901
237 134 909
240 140 1564
238 138 1564
237 132 909
431 386 6
237 128 909
435 152 965
319 126 804
431 152 963
450 356 1225
428 383 6
434 152 965
241 141 1876
241 141 1876
238 138 1564
292 87 1281
303 113 1255
459 374 1412
238 138 1564
341 196 1565
428 381 6
237 136 1564
428 381 6
428 382 6
293 88 869
429 384 6
237 132 925
237 131 926
433 236 669
428 382 6
434 388 6
439 154 981
239 139 1564
428 379 7
238 137 1564
238 128 937
237 130 937
291 86 1281
240 140 1564
240 140 1564
428 381 6
428 218 362
239 139 1564
260 77 917
436 152 981
428 376 7
430 385 6
267 104 1343
441 167 859
336 162 905
339 196 1565
438 388 5
276 69 956
238 137 1564
238 127 896
337 196 1565
433 152 1018
237 128 1064
237 129 1064
237 129 1064
428 382 6
291 86 1281
260 72 904
444 386 6
428 379 7
428 382 6
336 195 1565
287 121 762
277 69 996
430 385 6
441 168 859
429 384 6
429 383 6
428 383 6
239 139 1564
239 139 1564
442 387 5
441 157 916
261 72 904
436 388 5
391 159 619
239 139 1564
237 136 1564
241 141 1876
292 87 1281
429 383 6
430 385 6
237 135 896
240 140 1564
429 287 263
240 140 1564
237 136 1564
428 382 6
438 388 5
240 140 1564
363 185 571
240 140 1564
437 153 1018
438 153 1018
238 138 1564
304 187 1006
429 384 6
292 87 1281
242 141 1876
430 385 6
436 152 998
239 139 1564
238 138 1564
243 142 1876
429 152 901
260 74 935
240 140 1564
441 388 5
428 382 6
445 385 6
441 388 5
419 171 890
241 141 1876
231 143 1564
231 143 1564
232 152 1564
431 391 6
221 140 1024
230 161 985
363 166 419
225 159 985
225 159 985
225 159 985
421 392 6
227 160 985
211 139 1151
442 164 1077
443 272 667
277 70 996
460 373 1412
211 136 1151
227 161 985
212 145 1147
261 72 955
339 196 1565
428 218 1057
211 141 1151
213 146 1147
442 163 1077
321 128 836
435 181 820
435 152 965
421 392 6
435 182 820
421 393 6
421 394 1215
211 139 1151
421 394 1215
260 79 917
213 146 1147
211 141 1151
211 142 1151
350 168 507
284 77 1281
280 116 1096
212 135 1029
292 87 1281
211 135 1029
422 395 6
225 130 1029
373 188 400
464 310 349
224 158 985
227 160 985
212 135 1193
456 295 303
241 151 1564
432 400 6
227 160 985
447 395 4
421 392 6
321 128 836
321 128 836
211 136 1151
225 159 985
226 160 985
421 391 6
421 393 6
211 141 1151
229 161 985
238 159 1564
426 399 6
228 161 985
430 342 40
430 342 40
291 145 637
213 146 1147
214 132 1193
321 128 804
435 152 998
421 391 1157
450 389 5
275 68 1081
341 196 1565
260 73 1013
422 395 1215
212 144 1147
385 157 480
211 142 1151
340 196 1565
421 390 1157
241 125 929
336 195 1565
421 393 1179
433 152 1018
321 128 804
212 135 1193
344 196 1565
434 152 1018
212 134 1193
211 140 1151
268 67 1016
226 160 985
271 67 894
227 160 985
421 393 1179
423 332 20
428 374 1033
323 132 836
433 235 1057
213 146 1147
308 126 1017
227 161 985
443 270 930
227 161 985
337 195 1565
432 152 901
213 133 1193
436 152 1126
432 152 901
421 394 1192
276 69 956
421 394 1192
263 69 904
457 295 303
421 393 1179
211 142 1151
229 161 985
444 397 5
422 395 1215
212 145 1147
418 404 6
261 71 904
453 394 4
433 152 901
251 67 1072
430 142 901
296 99 1544
204 151 1220
203 139 1207
202 145 1212
202 141 1212
241 62 1896
245 58 1896
457 403 4
462 312 349
202 147 1220
242 62 1279
206 153 1220
207 153 1220
241 63 1279
202 145 1220
205 152 1220
342 165 905
202 140 1230
203 139 1232
202 147 1220
203 150 1220
265 62 1016
204 151 1254
440 145 1126
228 161 985
431 281 98
206 136 1240
451 378 1272
207 153 1171
420 413 10
229 161 985
443 269 1257
241 70 1543
267 63 1247
206 153 1254
418 413 10
202 146 1254
421 413 10
433 241 855
202 146 1254
304 114 1255
377 173 419
241 67 1182
206 153 1254
463 394 4
204 151 1254
225 159 985
253 57 1267
202 141 1270
205 137 1261
217 130 1193
202 140 1270
433 241 855
202 145 1254
206 153 1254
203 149 1254
208 154 1254
433 237 366
203 149 1274
216 131 1331
206 136 1261
202 143 1270
287 121 762
203 139 1270
202 143 1270
205 152 1274
202 149 1274
434 142 901
207 153 1183
207 154 1292
417 163 895
438 143 1304
204 151 1220
428 143 1545
370 188 400
202 145 1274
202 144 1274
430 371 1114
204 151 1220
244 59 1896
202 143 1212
291 86 1281
205 152 1292
444 406 5
203 140 1151
205 152 1292
205 152 1292
208 154 1220
204 152 1220
461 296 704
206 153 1220
206 153 1220
439 144 1304
462 365 1046
215 131 1331
431 142 901
202 146 1151
204 151 1220
207 153 1220
321 128 804
205 152 1315
296 104 1544
216 131 1331
338 196 1565
253 125 877
203 140 1151
203 139 1330
432 232 362
205 152 1315
438 143 1304
204 152 1220
202 143 1220
234 161 985
448 406 5
442 165 1077
255 57 1139
242 62 1279
202 145 1151
241 65 1279
282 115 1343
421 413 10
382 157 442
429 209 352
206 153 1171
201 161 1324
203 139 1330
198 170 1324
193 178 1405
439 144 1262
426 421 11
433 236 362
457 403 4
241 64 1279
293 90 869
198 179 1405
199 179 1405
188 173 1405
195 179 1405
194 133 1243
438 207 1070
442 165 1077
193 138 1270
438 210 1169
292 87 1281
264 61 1302
194 179 1407
192 178 1405
427 143 1545
195 179 1405
193 137 1164
191 177 1405
381 147 813
265 62 1245
459 314 349
189 174 1405
191 177 1405
310 165 515
251 57 1091
189 174 1405
417 385 1264
292 87 1281
189 175 1405
189 175 1405
193 137 1365
439 144 1175
322 129 804
194 179 1407
462 393 4
189 174 1405
199 179 1405
198 180 1405
193 136 1184
192 178 1405
437 143 1018
194 179 1407
188 169 1405
193 134 1189
193 178 1405
441 147 1278
381 147 1231
462 396 4
416 421 10
195 179 1405
388 149 787
191 177 1405
372 152 508
193 137 1198
191 158 1292
191 177 1405
194 179 1407
194 179 1407
427 420 5
267 87 913
191 177 1405
193 178 1405
241 63 1279
194 133 1207
276 69 956
194 134 1207
190 176 1405
461 296 704
189 175 1405
189 175 1405
191 177 1405
196 179 1405
194 179 1407
383 186 802
433 142 963
243 60 1896
442 160 1395
191 158 1282
195 132 1221
443 152 1106
188 172 1405
430 142 962
291 86 1281
241 63 1279
190 176 1405
400 199 279
193 137 1232
338 196 1565
193 178 1405
188 170 1405
196 131 1240
198 179 1405
192 178 1405
196 179 1405
243 123 1019
307 171 633
383 147 691
432 142 963
189 175 1405
196 131 1240
194 179 1407
430 142 1238
447 382 1272
188 167 1405
195 132 1240
266 62 1314
433 142 963
386 148 621
346 195 1355
389 188 802
418 422 10
192 178 1405
434 142 965
190 176 1405
189 175 1405
433 142 1260
433 132 1545
438 123 1348
183 183 1435
457 403 4
176 190 1532
166 193 1532
440 113 1531
167 202 1534
202 129 1261
168 202 1534
159 185 1669
464 410 4
156 191 1669
244 74 1182
306 127 1017
420 161 1145
199 129 1261
157 197 1535
160 201 1534
158 199 1535
193 134 1477
159 185 1669
195 132 1504
437 113 1530
205 177 1405
196 131 1375
433 236 855
158 199 1535
456 412 4
438 113 1530
165 202 1534
291 86 1281
159 200 1534
159 200 1534
257 144 1219
356 187 1355
180 198 1532
164 202 1534
301 187 1006
164 202 1534
441 267 382
164 202 1534
164 202 1534
160 201 1534
156 191 1669
233 161 1564
160 201 1534
440 113 1531
438 211 1070
191 160 1391
241 66 1323
156 192 1669
443 275 1118
160 201 1534
458 412 4
442 114 1531
241 66 1543
217 136 1086
442 163 1077
208 135 1151
429 117 1530
162 202 1534
446 117 1530
163 202 1534
181 198 1418
158 186 1669
433 114 1530
422 422 10
156 193 1669
164 202 1534
156 190 1669
423 129 1545
164 202 1534
158 199 1535
178 199 1532
165 202 1534
194 133 1207
157 187 1669
442 269 1257
163 202 1534
157 197 1535
441 113 1531
241 63 1279
160 201 1534
445 116 1531
156 196 1535
189 190 1418
194 134 1330
467 403 1674
432 330 32
466 406 1674
162 202 1534
342 164 905
435 312 349
462 366 923
194 134 1159
247 57 1896
161 201 1534
238 159 1564
302 112 1544
207 130 1193
161 201 1534
460 359 1046
318 126 980
157 198 1535
382 147 549
156 195 1669
338 196 1565
165 202 1534
415 161 1351
422 422 10
164 202 1534
458 412 4
339 196 1565
193 134 1240
162 202 1567
162 202 1567
156 195 1669
372 156 508
164 202 1534
161 201 1534
197 130 1240
160 201 1627
164 202 1534
156 196 1610
421 422 10
163 202 1567
169 209 1604
176 215 1594
416 421 10
153 201 1610
337 195 1565
202 129 1221
275 68 1265
418 430 9
445 116 1531
445 116 1531
423 140 1545
417 430 10
175 176 1503
173 224 1658
432 362 737
180 224 1658
192 126 1538
459 412 4
182 167 1468
443 114 1585
463 298 704
192 127 1538
170 223 1658
438 113 1530
175 224 1658
193 142 1270
147 209 1583
433 114 1530
335 204 1522
335 204 1522
150 210 1583
245 123 1385
442 149 1060
433 238 669
171 223 1658
210 124 1193
241 63 1279
171 223 1658
241 63 1279
147 209 1591
242 61 1896
144 196 1595
146 193 1595
182 222 1594
283 63 996
437 113 1530
147 209 1599
173 224 1658
147 209 1599
193 123 1538
171 223 1658
253 57 1091
465 407 1674
448 123 1530
443 114 1531
194 122 1692
176 224 1658
274 139 1219
332 203 1522
163 217 1539
393 194 802
172 224 1658
146 208 1660
444 372 1516
331 203 1522
172 224 1658
181 223 1798
433 237 1319
146 208 1660
180 224 1658
424 127 1545
241 62 1896
440 158 916
170 223 1658
350 192 1565
171 224 1658
432 114 1530
144 196 1699
253 57 1091
420 429 9
171 223 1658
146 208 1660
178 224 1658
430 352 40
176 224 1658
143 202 1547
442 151 981
446 373 1225
170 223 1658
292 88 1281
443 114 1531
146 208 1660
431 231 581
194 122 1692
447 123 1530
330 160 599
438 211 1070
249 57 1896
284 78 996
145 194 1699
441 113 1585
438 208 342
193 143 1320
275 58 994
143 204 1660
274 58 994
449 344 1038
170 223 1658
447 123 1530
244 59 1896
176 224 1658
143 200 1698
435 113 1530
145 208 1660
148 209 1562
454 412 4
467 403 1620
173 224 1658
174 224 1658
193 123 1630
267 109 1400
193 123 1630
170 223 1691
147 192 1540
146 208 1660
447 124 1530
172 224 1658
333 204 1241
149 210 1563
142 217 1687
284 64 1187
138 226 1786
147 192 1595
438 113 1530
164 217 1657
131 233 1788
138 235 1786
134 235 1788
434 174 792
291 94 888
461 296 704
185 217 1594
246 75 1182
142 183 1595
137 235 1786
431 231 1690
128 226 1786
132 234 1786
328 190 697
131 233 1788
141 183 1800
139 235 1786
141 183 1800
438 211 1169
134 235 1788
463 297 704
183 221 1798
341 164 1297
137 235 1786
139 185 1540
244 59 1896
429 108 1727
129 231 1786
423 131 1545
430 106 1727
450 324 349
129 231 1786
431 105 1727
166 226 1737
466 399 1674
291 57 1787
179 224 1658
428 403 6
329 213 1784
251 57 1267
282 54 1787
185 217 1594
204 119 1692
138 186 1595
181 168 1579
337 195 1168
138 187 1816
132 234 1786
463 410 1674
443 406 5
333 213 1227
135 235 1788
134 235 1788
185 217 1594
292 58 1787
193 123 1630
134 235 1788
241 62 1896
465 301 303
128 229 1786
129 231 1786
292 58 1787
180 224 1658
128 226 1786
192 127 1630
192 126 1630
306 186 1006
141 183 1540
243 73 1543
142 182 1540
404 178 381
433 238 366
332 213 984
134 235 1788
390 151 518
139 185 1540
140 184 1540
202 178 1405
465 397 1642
290 56 1701
133 234 1788
134 235 1788
132 234 1786
430 106 1727
265 141 840
129 231 1786
178 224 1658
301 188 1006
194 121 1692
134 235 1788
438 103 1727
419 430 9
134 235 1788
461 389 1412
262 80 917
143 182 1540
193 123 1538
438 204 1070
293 95 869
423 385 1150
194 123 1630
180 223 1658
455 315 704
129 231 1786
246 58 1279
227 132 1086
449 345 1038
183 221 1798
247 57 1896
342 208 1731
128 225 1786
180 223 1658
282 54 1787
137 235 1786
185 216 1594
139 185 1540
140 184 1540
386 147 1464
137 235 1786
137 235 1786
140 235 1786
183 221 1798
447 113 1614
128 224 1786
423 142 1545
134 243 1801
125 247 1804
163 183 1669
118 222 1915
432 104 1727
141 183 1540
437 103 1727
138 186 1816
192 224 1833
139 251 1808
118 220 1915
450 103 1585
188 167 1579
141 183 1595
453 105 1614
194 122 1692
137 188 1816
137 187 1816
125 256 1917
253 57 1279
189 228 1833
117 253 1918
428 109 1727
128 256 1917
281 54 1701
188 229 1798
430 353 40
419 385 1224
206 175 1405
233 161 1564
139 251 1843
120 256 1918
326 211 1784
138 186 1816
457 412 1558
240 156 1564
186 230 1833
140 184 1595
117 253 1918
137 189 1600
241 63 1279
121 256 1918
260 143 1876
124 256 1917
330 213 1685
185 230 1845
124 256 1917
438 207 1169
466 406 1709
139 185 1868
139 185 1868
245 58 1896
138 252 1848
186 230 1798
248 148 1564
282 54 1787
320 127 1239
115 243 1792
418 430 9
119 255 1918
119 255 1918
140 250 1905
186 230 1700
121 256 1918
192 221 1906
126 256 1917
122 256 1918
438 207 1070
183 173 1503
117 254 1918
190 228 1906
184 230 1798
459 412 4
461 362 1046
192 218 1906
121 256 1918
193 123 1630
121 256 1918
139 251 1793
380 147 629
115 250 1918
458 412 4
115 244 1792
