47
1016
49 56 456997546
44 71 2899
35 93 1512
41 120 3290
39 146 1359
55 170 2808
67 203 3188
70 229 1591
81 258 4249
92 281 3010
98 302 5556
116 305 335
138 299 6108
146 293 589
159 270 969
169 238 1186
179 218 1507
192 195 2512
197 173 5623
206 168 4899
221 158 5985
230 154 2408
248 141 3643
265 133 2025
289 142 336
323 159 1780
341 169 5722
357 175 5579
366 180 49
389 188 2344
402 185 1406
427 201 6741
422 210 819
428 236 28
430 258 4824
429 295 20
432 323 4695
447 344 7221
456 350 1493
459 370 5784
454 379 2825
459 406 3942
456 416 3220
450 419 2949
441 423 1623
438 433 1146
441 444 705
450 450 0
