47
4158
48 58 0
59 67 6463
50 93 1555
57 114 3693
69 141 5683
73 165 2864
69 183 6678
72 193 4533
69 225 5621
75 234 2996
81 261 892
84 275 439
89 300 1822
90 312 233
123 307 687
157 293 2580
168 275 2655
172 254 131
170 222 3033
185 207 4351
202 185 1706
215 166 4905
223 150 83
234 133 148
265 112 3795
291 97 397
317 121 246
340 138 376
367 147 671
386 161 45
400 176 3893
419 186 991
432 201 35
435 230 733
432 258 4543
439 285 6815
434 294 983
430 325 4444
443 357 4962
445 376 557
450 398 5513
455 407 3736
458 417 3087
450 419 2826
441 423 1546
438 433 1087
441 444 653
450 450 0
