115
24559
98 199 2100547991
96 195 25044
93 199 1294
94 204 1223
95 209 1218
99 213 1210
101 218 1190
106 220 1176
111 219 1157
113 224 1143
118 223 1130
123 226 1040
128 226 1031
128 231 1017
133 233 998
134 238 953
134 243 943
137 248 934
140 253 918
139 258 913
138 263 904
139 268 876
140 273 870
145 272 857
150 275 850
155 278 831
160 281 827
165 283 766
170 283 754
175 283 739
177 288 730
181 292 717
182 297 662
185 302 659
189 306 653
192 311 650
197 310 649
201 314 641
206 317 596
210 314 582
214 311 554
217 307 545
222 306 538
227 305 533
231 302 510
236 305 479
241 305 448
246 303 437
251 304 413
256 303 411
261 305 408
266 308 404
271 308 395
276 307 391
281 309 382
286 309 376
291 308 348
296 306 316
301 306 315
305 310 313
307 315 309
311 319 298
316 321 297
321 320 286
324 325 277
329 327 273
334 326 269
338 330 263
343 330 261
348 330 254
353 331 252
353 336 251
355 341 240
360 344 236
363 349 233
367 353 229
371 357 224
375 361 214
377 366 206
382 369 196
385 374 181
388 379 178
393 382 173
393 387 172
392 392 169
396 396 163
399 401 161
404 404 159
406 409 157
408 414 148
411 419 133
415 423 122
420 426 110
420 431 99
423 436 92
423 441 76
425 446 74
430 449 62
434 453 57
438 457 52
439 462 42
442 467 39
443 472 32
448 474 25
452 478 24
457 481 21
462 484 20
466 488 19
471 490 18
475 494 17
479 498 15
483 502 11
488 505 10
493 503 4
498 504 1
500 500 0
